Text: 55 p5, Probability: 0.4977782387558798
Text: 6876, Probability: 0.7715836763381958
