Text: 65*Nz, Probability: 0.44629058224739576
Text: 4474, Probability: 0.46681222319602966
