Text: 83*$3, Probability: 0.26561336425075793
Text: 6507, Probability: 0.9998760223388672
