Text: 05 S, Probability: 0.4317859308452612
Text: 5378, Probability: 0.6895622611045837
