Text: 64*L7, Probability: 0.34991514982208005
Text: 4012, Probability: 0.9977814555168152
