Text: 70 B1, Probability: 0.34282966192923187
Text: 821.68, Probability: 0.7132286007034452
