Text: 49 F1, Probability: 0.1686540021392179
Text: 006 60, Probability: 0.4296287335494657
