Text: 53*86, Probability: 0.23701406828230584
Text: 6011, Probability: 0.9797416448666902
