Text: 5952, Probability: 0.6144166588783264
Text: 016U6/, Probability: 0.13009181641960357
