Text: 68 CT, Probability: 0.3844943061862501
Text: 0375.20, Probability: 0.45683096602441253
