Text: 59 $2, Probability: 0.08216320571916391
Text: 1083 38, Probability: 0.5781539304919555
