Text: 11C, Probability: 0.1668476530864558
Text: 290,34, Probability: 0.5946330204763849
