Text: 93F1, Probability: 0.14174169301986694
Text: 26479, Probability: 0.6925580203395957
