Text: 5pp97, Probability: 0.1040364409165574
Text: 0J08, Probability: 0.26491492986679077
