Text: 66*K9, Probability: 0.7170377070309476
Text: 6118, Probability: 0.9714041948318481
