Text: 59*Hh, Probability: 0.21067509588446143
Text: 65550, Probability: 0.5386931104558998
