Text: 65'E1, Probability: 0.22322660723243978
Text: 04024, Probability: 0.6773779906730606
