Text: 60, Probability: 0.625086924173842
Text: Y2, Probability: 0.2872091126774677
Text: 2645, Probability: 0.6333937048912048
