Text: 59 P2, Probability: 0.6426689697392685
Text: 29729, Probability: 0.9979447856369198
