Text: 82 b1, Probability: 0.09786031696361329
Text: 19789, Probability: 0.6617706236826619
