Text: 59 C1, Probability: 0.35793262413617044
Text: 6ivs7, Probability: 0.022277182375498018
