Text: 54*1, Probability: 0.11552714556455612
Text: 6ubl, Probability: 0.7274136543273926
