Text: 70 61, Probability: 0.5657362063609855
Text: 135.09, Probability: 0.2644062724077535
