Text: 54414, Probability: 0.30901709782224435
Text: 8062, Probability: 0.37833940982818604
