Text: 0612, Probability: 0.05996580049395561
Text: 6315, Probability: 0.9077238440513611
