Text: 70 61, Probability: 0.28622089450818655
Text: 13509, Probability: 0.786936761602406
