Text: 1, Probability: 0.006301841789961904
Text: 01Z, Probability: 0.08381823781106187
