Text: 59 T1, Probability: 0.7456944715843121
Text: 87564, Probability: 0.5458783664035988
