Text: 59 K1, Probability: 0.11872765005909178
Text: 06652, Probability: 0.2345413079047591
