Text: 5452, Probability: 0.8207377004686156
Text: 5505, Probability: 0.9499903917312622
