Text: 03, Probability: 0.9999507728358329
Text: 6IF2L4, Probability: 0.08488472233528341
