Text: 59;52, Probability: 0.28042517906620346
Text: 016U6, Probability: 0.4202625079327422
