Text: 13928, Probability: 0.22737905343110756
Text: 5942, Probability: 0.4072110725449131
