Text: 59 K1, Probability: 0.4292339558735614
Text: 201.73, Probability: 0.8972922390340031
