Text: 59 P2, Probability: 0.3906512164646103
Text: [002.63, Probability: 0.2014375250654932
