Text: 79 CA, Probability: 0.5105412193813185
Text: 221711, Probability: 0.1898334397016856
