Text: 59  U1, Probability: 0.6261889679869637
Text: 1509.06, Probability: 0.49772965573231454
