Text: 51 K3, Probability: 0.1651407340818546
Text: 8796, Probability: 0.5357415396409844
