Text: 59 F71, Probability: 0.15490585503510432
Text: 29146, Probability: 0.6037790180602249
