Text: 66C, Probability: 0.14684858270418544
Text: 500672, Probability: 0.26114708116493673
