Text: 5987, Probability: 0.44656115770339966
Text: 60210, Probability: 0.9453418156131016
