Text: 0, Probability: 0.559536318002074
Text: 012Z, Probability: 0.26155339573697706
