Text: 54 8L, Probability: 0.17673773539238874
Text: 7039, Probability: 0.9839059114456177
