Text: 51L7, Probability: 0.8904581069946289
Text: 4255, Probability: 0.9518221020698547
