Text: 65*02, Probability: 0.10461012802113313
Text: 10LL, Probability: 0.4281182587146759
