Text: 92F1, Probability: 0.4990910291671753
Text: 264.79, Probability: 0.6884321032416756
