Text: 51 K6, Probability: 0.3026570564345802
Text: 1392|, Probability: 0.36783617210517805
