Text: 06*H7, Probability: 0.4396422483774156
Text: 9591, Probability: 0.8917300701141357
