Text: 53 P2, Probability: 0.48177929080542853
Text: 4531, Probability: 0.5465158820152283
