Text: 64;HL, Probability: 0.4409418954856232
Text: 4e07, Probability: 0.2197757214307785
