Text: 59 P1, Probability: 0.6393705693437001
Text: 837.38, Probability: 0.3663478001690368
