Text: 54,V8, Probability: 0.08847853823362062
Text: 0280, Probability: 0.5879250764846802
