Text: 71,53, Probability: 0.201246778389244
Text: 9276, Probability: 0.9979168176651001
