Text: 59H, Probability: 0.4745570363572494
Text: 46820, Probability: 0.5060333275074228
