Text: 59 02, Probability: 0.29920649870168425
Text: 0, Probability: 0.09631741900580337
Text: "93.92, Probability: 0.5516351693469751
