Text: 59 T1, Probability: 0.5895148015492025
Text: 87564, Probability: 0.9350991978968981
