Text: 616, Probability: 0.4822106838853366
Text: 290.34, Probability: 0.41925139111030213
