Text: 59 M, Probability: 0.7093709707260132
Text: 36452, Probability: 0.31752537210176185
