Text: 6162, Probability: 0.3365578353404999
Text: 251.81, Probability: 0.921605095160555
