Text: 65 F1, Probability: 0.42596644445329873
Text: 315.32, Probability: 0.43694114260756206
