Text: 96H, Probability: 0.3301195071981133
Text: 1831, Probability: 0.4274924695491791
