Text: 616, Probability: 0.6279115934718326
Text: 151008, Probability: 0.43785906550183273
