Text: 95*P2, Probability: 0.7892943564609596
Text: 2098, Probability: 0.9999703168869019
