Text: 11C1, Probability: 0.23607641458511353
Text: 193.73, Probability: 0.1938944504560279
