Text: 16*H2, Probability: 0.0570793929000766
Text: 6315, Probability: 0.9198648929595947
