Text: 59 T, Probability: 0.5681811571121216
Text: 54049, Probability: 0.6666729822661884
