Text: 59,W, Probability: 0.19343024492263794
Text: 62561, Probability: 0.706576894642576
