Text: 59 T1, Probability: 0.36186143274391225
Text: 46685, Probability: 0.6421882625946514
