Text: 521, Probability: 0.3344491733273309
Text: [61, Probability: 0.13239021159802294
