Text: 59 Fll, Probability: 0.10542622570407854
Text: 15062, Probability: 0.3724365052610478
