Text: 69 U, Probability: 0.1532871574163437
Text: 3670, Probability: 0.459379643201828
