Text: 59,57, Probability: 0.3681253796521503
Text: 00293, Probability: 0.22148045366666735
