Text: 06 L, Probability: 0.33515164256095886
Text: 0852.24, Probability: 0.25676638896579346
