Text: 59 V, Probability: 0.8568470478057861
Text: 07473, Probability: 0.8881545307504838
