Text: 59881, Probability: 0.7171957836429803
Text: 6:, Probability: 0.1613204926260898
