Text: 75F1, Probability: 0.8186142444610596
Text: 298,20, Probability: 0.20452141538622506
