Text: 54,RL, Probability: 0.14624589329157406
Text: 7039, Probability: 0.9512326121330261
