Text: 59 F1, Probability: 0.7751619815849446
Text: 0U5U1, Probability: 0.12381710362004976
