Text: 71 €1, Probability: 0.13275602128563702
Text: 393.73, Probability: 0.6470893218190618
