Text: 59 $7, Probability: 0.16785088450528995
Text: 7262.08, Probability: 0.2895633691969586
