Text: 15270, Probability: 0.9046050278093606
Text: 50 P2, Probability: 0.2877684107021563
