Text: 616, Probability: 0.5014406618044999
Text: 25181, Probability: 0.7810491912803397
