Text: 57 K6, Probability: 0.23748612501056832
Text: 1392, Probability: 0.9611160159111023
