Text: 71 b, Probability: 0.24554795026779175
Text: 14570, Probability: 0.28025464024351165
