Text: 63, Probability: 0.1376890929043946
Text: 6961, Probability: 0.9615272283554077
