Text: 516, Probability: 0.36747284786270173
Text: 51332, Probability: 0.5545760638120608
