Text: 65*K2, Probability: 0.4706757716763529
Text: 5502, Probability: 0.9999030828475952
