Text: 54'F3, Probability: 0.4234901006160981
Text: 0667, Probability: 0.985323965549469
