Text: 67*09, Probability: 0.35896198235833354
Text: 4984, Probability: 0.8372572660446167
