Text: 59 F1, Probability: 0.8920072612508623
Text: 381,517, Probability: 0.31139419309867394
