Text: 0blu, Probability: 0.10308580845594406
Text: 68*V5, Probability: 0.20096486092334007
