Text: 59 H, Probability: 0.12244799733161926
Text: 54192, Probability: 0.8585429972804117
