Text: 51 V4, Probability: 0.2842786523643113
Text: 4579, Probability: 0.9458819031715393
