Text: 62 K, Probability: 0.1297139785486016
Text: 06934, Probability: 0.29374870485383736
