Text: 59 K, Probability: 0.4512270987033844
Text: 61406, Probability: 0.9231512809386573
