Text: 67-N9, Probability: 0.13015123399096792
Text: 4984, Probability: 0.8502684831619263
