Text: 6, Probability: 0.9992668780761882
Text: 2L9L, Probability: 0.4725091755390167
