Text: 6ON, Probability: 0.13777395740968681
Text: (8965, Probability: 0.4846380594985668
