Text: 65*02, Probability: 0.2421467293555734
Text: 1044, Probability: 0.8949750661849976
