Text: 04,61, Probability: 0.39606394706508957
Text: 22593, Probability: 0.9826247118122877
