Text: 156ara, Probability: 0.0033562877469067026
Text: 7016 9, Probability: 0.08632447748808852
