Text: 15, Probability: 0.4561374392031088
Text: 611853, Probability: 0.11073805569242157
