Text: 54, Probability: 0.04083149192147854
Text: 0676, Probability: 0.7502952814102173
