Text: 59 P2, Probability: 0.35501778262046085
Text: 29729, Probability: 0.5501148336786846
