Text: 65.42, Probability: 0.25607038304799845
Text: 0206, Probability: 0.9976120591163635
