Text: 64 HZ, Probability: 0.697118471867724
Text: 8118, Probability: 0.9553487300872803
