Text: 5902, Probability: 0.7025601267814636
Text: 46326, Probability: 0.6097809283885101
