Text: 59 L7, Probability: 0.2648185458130325
Text: 97457, Probability: 0.9781526395773348
