Text: 59 52^, Probability: 0.13327863622307518
Text: 544.55, Probability: 0.5217321306674315
