Text: 594H7, Probability: 0.15855286023746248
Text: 46Z04, Probability: 0.32637414219940847
