Text: 59F1, Probability: 0.2777794897556305
Text: 827871, Probability: 0.37751130272388544
