Text: 54 P7, Probability: 0.3965253181585918
Text: 2138, Probability: 0.9719780683517456
