Text: 75 U, Probability: 0.06016292795538902
Text: 70b92, Probability: 0.16112270900928974
