Text: 6u 88|, Probability: 0.014305821836652414
Text: 16455, Probability: 0.7070592107150059
