Text: 59 V, Probability: 0.40365058183670044
Text: 55320, Probability: 0.8804771969593294
