Text: 59 L7, Probability: 0.731550791412326
Text: 974571, Probability: 0.5816659519046337
