Text: 59  U1, Probability: 0.4871487791267937
Text: 1509.06, Probability: 0.49440310789328507
