Text: 64 L1, Probability: 0.4206063436512262
Text: 4012, Probability: 0.8907012939453125
