Text: 59 H2, Probability: 0.2910631385105337
Text: 348151, Probability: 0.0927315243261923
