Text: 616, Probability: 0.6186609253327574
Text: 22237, Probability: 0.9942370336460313
