Text: 59 KL, Probability: 0.3438499026555803
Text: 22599, Probability: 0.755065013809157
