Text: 54 U5, Probability: 0.32226454248137076
Text: 1223, Probability: 0.9843781590461731
