Text: 594K, Probability: 0.33482807699188055
Text: 86559, Probability: 0.8866172965672799
