Text: 56 P1, Probability: 0.21177685822342235
Text: 9074, Probability: 0.9587514996528625
