Text: 11C, Probability: 0.11570988611970687
Text: 226.976, Probability: 0.2551851720534902
