Text: 93 C, Probability: 0.8141049146652222
Text: 02079, Probability: 0.9878610830413407
