Text: 59 CI, Probability: 0.2997703743984607
Text: 62993, Probability: 0.3005319919200177
