Text: (95E1, Probability: 0.8075026324448878
Text: 177.63, Probability: 0.3749122651049211
