Text: 59,51|, Probability: 0.14286568448740336
Text: 944.28, Probability: 0.4010622412675881
