Text: 0796], Probability: 0.31594975542560194
Text: 51 88, Probability: 0.16778426392483886
