Text: 66, Probability: 0.9681797761832871
Text: 516 39LE, Probability: 0.40361809596611153
