Text: 68 €1, Probability: 0.4388265141563351
Text: 1375.20, Probability: 0.1941478638743246
