Text: 59T, Probability: 0.5872232862530635
Text: 66.85, Probability: 0.8488070691903448
