Text: 95 67, Probability: 0.4572508046775575
Text: 101643, Probability: 0.6007280815069619
