Text: 59 M, Probability: 0.25341472029685974
Text: 66419, Probability: 0.2849278612805422
