Text: 51*58, Probability: 0.15001749885375332
Text: 4605, Probability: 0.907383143901825
