Text: 59 $2, Probability: 0.14002801656083613
Text: 1083 387, Probability: 0.22021012373317622
