Text: 6u4, Probability: 0.09830746037688591
Text: 897.14, Probability: 0.28476985447729003
