Text: 59V, Probability: 0.35595363488458753
Text: 55320, Probability: 0.9423002031005338
