Text: 591, Probability: 0.48234763202560743
Text: 69575, Probability: 0.7603802788931808
