Text: 83*HA, Probability: 0.267460964510902
Text: 2733, Probability: 0.5281863212585449
