Text: 59L2, Probability: 0.5690044164657593
Text: 231.64, Probability: 0.6740848289497852
