Text: 55 P1, Probability: 0.20840583849273256
Text: 00U9, Probability: 0.43329474329948425
