Text: 65 Bi, Probability: 0.2699012729847407
Text: 172.09, Probability: 0.9969948198198338
