Text: 61E., Probability: 0.17379291355609894
Text: 5901, Probability: 0.5916776717097212
