Text: 59 €1, Probability: 0.535085119791033
Text: 799.16, Probability: 0.32724450646506714
