Text: 67*VI, Probability: 0.3892768623319838
Text: 5283, Probability: 0.6929624676704407
