Text: 0L1, Probability: 0.1328089441157406
Text: 0i2gu, Probability: 0.0803691842027886
