Text: 516, Probability: 0.3683436471115638
Text: 25181, Probability: 0.6727441969152862
