Text: 54 U5, Probability: 0.2572272263129768
Text: 1223, Probability: 0.9942377209663391
