Text: 6I4E, Probability: 0.2325342744588852
Text: 554,33, Probability: 0.6513171239576316
