Text: 59,52, Probability: 0.3070122071326271
Text: 232 45, Probability: 0.5873298878650414
