Text: 59*T1, Probability: 0.48520246188795285
Text: 183013, Probability: 0.19051663365987248
