Text: 59 F1, Probability: 0.4728125346187948
Text: 1ang0, Probability: 0.08495311501926135
