Text: 502 C, Probability: 0.730587833159892
Text: 0618, Probability: 0.9808148145675659
