Text: 59 KL, Probability: 0.21561429430992898
Text: 22599, Probability: 0.9695895447433326
