Text: 59 01, Probability: 0.31515724283875746
Text: 04054, Probability: 0.6308113875970441
