Text: 68 H7, Probability: 0.17539270745969313
Text: 408LI7, Probability: 0.07940708824840931
