Text: 52,82, Probability: 0.212386079576026
Text: 4032, Probability: 0.10506661981344223
