Text: 59 57, Probability: 0.27872810288788075
Text: 596.94, Probability: 0.6426800698381181
