Text: 610, Probability: 0.35535988034014204
Text: 1006 26, Probability: 0.4048883174078862
