Text: 95 P2, Probability: 0.6066820548704357
Text: 0790, Probability: 0.9342518442068326
