Text: 54 @, Probability: 0.16266342997550964
Text: 2443], Probability: 0.4323659949467932
