Text: 60 B3, Probability: 0.41227757697164613
Text: 016]9U, Probability: 0.04980862922146148
