Text: 59+01, Probability: 0.16865181509407148
Text: 82LI4, Probability: 0.09079860139250173
