Text: 59B1, Probability: 0.3710371255874634
Text: 22119, Probability: 0.6960215962666166
