Text: 62 V, Probability: 0.7244847416877747
Text: 681, Probability: 0.131175448660786
