Text: 59 HP, Probability: 0.11878449177409363
Text: 65555, Probability: 0.4820472908347751
