Text: 54,V7, Probability: 0.347536596989545
Text: 82lg), Probability: 0.11512856597831453
