Text: 5 P, Probability: 0.06401087986958257
Text: 23202, Probability: 0.1195537378331241
