Text: 59 52, Probability: 0.5915156235686021
Text: 544.55, Probability: 0.5030656660801165
