Text: 59 Pl, Probability: 0.3063906359508955
Text: 664b0, Probability: 0.332629431254528
