Text: 614, Probability: 0.3279597107865131
Text: 89214, Probability: 0.33884075906629185
