Text: 59Fi, Probability: 0.3915594518184662
Text: 150L2, Probability: 0.16192833202257412
