Text: 59 E7, Probability: 0.7574653171113813
Text: 29565, Probability: 0.8171064990381232
