Text: 88, Probability: 0.9625832401072687
Text: 6132, Probability: 0.7713448094783786
