Text: 62 H5, Probability: 0.8972981319861008
Text: 7108), Probability: 0.26346763725302497
