Text: 79*21, Probability: 0.4937277785251674
Text: 5804, Probability: 0.793620765209198
