Text: 54F3, Probability: 0.9121789932250977
Text: 0667, Probability: 0.9891294836997986
