Text: 616, Probability: 0.11893436504153547
Text: 210098, Probability: 0.06259481428880603
