Text: 50 P2, Probability: 0.43841746695632283
Text: 15270, Probability: 0.9931884056197698
