Text: 65113, Probability: 0.11914752292677848
Text: 7640}, Probability: 0.18734293999797302
