Text: 59 P1, Probability: 0.5034854596570645
Text: 166480, Probability: 0.5798691398358279
