Text: 89714, Probability: 0.9381095588939129
Text: 54, Probability: 0.16657730615030056
