Text: 56 P1, Probability: 0.27672928141585446
Text: 9074, Probability: 0.9485697150230408
