Text: 59H0 |, Probability: 0.0707542767664569
Text: 87515, Probability: 0.7470996957030456
