Text: 53 P2, Probability: 0.8690807797482177
Text: 4531, Probability: 0.6247313022613525
