Text: 359.81|, Probability: 0.2846886313902593
Text: 604, Probability: 0.22410322725772858
