Text: 6I6, Probability: 0.2101561865309475
Text: 51332, Probability: 0.907068429306139
