Text: 51 13, Probability: 0.33831739407501393
Text: 4827, Probability: 0.7638288736343384
