Text: 5002, Probability: 0.36146900057792664
Text: 46326, Probability: 0.6109233006366654
