Text: 66P1, Probability: 0.5990290641784668
Text: 51993 , Probability: 0.5570944963360434
