Text: 60H, Probability: 0.3500882535789338
Text: (0965, Probability: 0.27660911966342566
