Text: 52,52, Probability: 0.17692258187206886
Text: 6032, Probability: 0.471338152885437
