Text: 54*V7, Probability: 0.36195306598538846
Text: 8344), Probability: 0.276456981423707
