Text: 60 87, Probability: 0.29447957418249954
Text: 2176, Probability: 0.22027502954006195
