Text: 59 52, Probability: 0.38264611649713764
Text: 82928, Probability: 0.4311949413890409
