Text: 59 H, Probability: 0.5641045570373535
Text: 6593248, Probability: 0.11924179127449323
