Text: 54,85, Probability: 0.302538450147107
Text: 8960, Probability: 0.9425440430641174
