Text: 59 B7, Probability: 0.11736254088168249
Text: 12, Probability: 0.5745204195736012
Text: 338 ", Probability: 0.1311134525064572
