Text: 54-S5, Probability: 0.4316850893765917
Text: 5026, Probability: 0.9874354004859924
