Text: 67 8, Probability: 0.25406286120414734
Text: 60b2?, Probability: 0.08136723317782116
