Text: 51 L7, Probability: 0.7397561720369141
Text: 4255, Probability: 0.8923686146736145
