Text: 94' FI, Probability: 0.16024780297167085
Text: 82.09, Probability: 0.3633542120040308
