Text: 53*V5, Probability: 0.11516847180187578
Text: 2976, Probability: 0.18919811658401542
