Text: 59,S1, Probability: 0.3732608881568587
Text: 944.22, Probability: 0.14025429705664985
