Text: 1G, Probability: 0.7813194598058281
Text: 37307, Probability: 0.8687619430789003
