Text: 66*K9, Probability: 0.27506954095766256
Text: 6118, Probability: 0.93155437707901
