Text: 61B1, Probability: 0.43577101826667786
Text: 64878, Probability: 0.4727580736445831
