Text: 616, Probability: 0.12689222705533404
Text: 25181, Probability: 0.9459907293821549
