Text: 5143, Probability: 0.33239173889160156
Text: 3664, Probability: 0.993341326713562
