Text: 11C1, Probability: 0.2672460675239563
Text: 226.97, Probability: 0.7746219731158102
