Text: 50, Probability: 0.9992480144749764
Text: Hb, Probability: 0.40894373156890684
Text: 22027, Probability: 0.17538151165848972
