Text: 79 @, Probability: 0.1353527456521988
Text: 0995, Probability: 0.902485191822052
