Text: 6Uw8, Probability: 0.0852317363023758
Text: 16455, Probability: 0.519193957842128
