Text: 59 T, Probability: 0.18098364770412445
Text: 6599.73, Probability: 0.8162094975055085
