Text: 766 V, Probability: 0.07905132113982066
Text: 089.13, Probability: 0.3079448981322722
