Text: [6007, Probability: 0.2909062690570275
Text: 066 28, Probability: 0.2338444471396328
