Text: 95 6, Probability: 0.8543305356899068
Text: 101643, Probability: 0.3554403606814521
