Text: 59,5, Probability: 0.3498914837837219
Text: 00393, Probability: 0.30872126856217175
