Text: 79 Z1, Probability: 0.29815382361588477
Text: 00L8U, Probability: 0.12288330087517332
