Text: [614, Probability: 0.06950816512107849
Text: 229691, Probability: 0.5544258074020743
