Text: 54 H3, Probability: 0.10315423615923537
Text: 3457, Probability: 0.443048894405365
