Text: 604, Probability: 0.23159036478340828
Text: 35981, Probability: 0.9526429884858426
