Text: 51 [3, Probability: 0.11353714093010153
Text: 2640, Probability: 0.5485618710517883
