Text: 61 , Probability: 0.0926637150625234
Text: 106403, Probability: 0.3283365638370501
