Text: 59 U1, Probability: 0.43699181003787163
Text: 702921, Probability: 0.26884509694523506
