Text: 59 B1, Probability: 0.17732104279259173
Text: 34682, Probability: 0.9774331017605717
