Text: 54 T1, Probability: 0.6035998153347057
Text: L, Probability: 0.6209479258179726
Text: 995, Probability: 0.7332929064813866
