Text: 62 H5, Probability: 0.763046654808912
Text: 7108), Probability: 0.4498562306484672
