Text: 13928, Probability: 0.39284084219231835
Text: 59412", Probability: 0.24804376691984553
