Text: 56,p8, Probability: 0.1574723695183949
Text: 0069, Probability: 0.794977605342865
