Text: 6161, Probability: 0.2647395730018616
Text: 10209, Probability: 0.859072646616059
