Text: 59:81, Probability: 0.12690943198350013
Text: 1346.82, Probability: 0.39607548759616884
