Text: 59 V2, Probability: 0.5822802205306521
Text: 0bZI7, Probability: 0.1601916579889276
