Text: 65,V2, Probability: 0.31074460306992274
Text: 0206, Probability: 0.9997580647468567
