Text: 59 K, Probability: 0.2092912487507548
Text: 695.92, Probability: 0.7913716874642525
