Text: 59 H, Probability: 0.3866550028324127
Text: 541.92, Probability: 0.4325729051525249
