Text: 60 V2, Probability: 0.19188898666266635
Text: 2445, Probability: 0.984614372253418
