Text: 59 X2, Probability: 0.262283508760637
Text: 197772, Probability: 0.4806858029444457
