Text: 54P7, Probability: 0.9630144238471985
Text: 2138, Probability: 0.9716961979866028
