Text: 5 P, Probability: 0.7114582758154099
Text: 38202, Probability: 0.3238301755394148
