Text: 0j D2, Probability: 0.17671170068673134
Text: 2u199, Probability: 0.3694534871787967
