Text: 31691, Probability: 0.5913248685521085
Text: 61C, Probability: 0.48000999268180083
