Text: 59 H1, Probability: 0.1574191874414369
Text: 61406 , Probability: 0.549748194252176
