Text: 65*52, Probability: 0.4161558893694592
Text: 1319, Probability: 0.948444664478302
