Text: 6O51, Probability: 0.07078671455383301
Text: 8965, Probability: 0.9993716478347778
