Text: 704, Probability: 0.11574182460009215
Text: 0367], Probability: 0.3362836377528548
