Text: 590u1, Probability: 0.06865513565957375
Text: 61F, Probability: 0.10995154369279256
