Text: 70 01, Probability: 0.16017158977861773
Text: 824.68, Probability: 0.25717667223117985
