Text: 83 53, Probability: 0.10806663224076944
Text: 6507, Probability: 0.9940699934959412
