Text: 59 C7, Probability: 0.9151220169042734
Text: 6i1l 62, Probability: 0.09686891505949319
