Text: 61F:, Probability: 0.14572840929031372
Text: 70, Probability: 0.9419192266103688
Text: 002', Probability: 0.25008895993232727
