Text: 54S1, Probability: 0.24229691922664642
Text: 4959, Probability: 0.8983880281448364
