Text: 65*K2, Probability: 0.5548966336276951
Text: 5502, Probability: 0.9930920992180995
