Text: 54S1, Probability: 0.2395218461751938
Text: 4959, Probability: 0.9912964105606079
