Text: 40 D1, Probability: 0.11899951654959523
Text: 200 07, Probability: 0.3361305902059083
