Text: 614, Probability: 0.28741767361847076
Text: 961L, Probability: 0.4377051591873169
