Text: 54'HL, Probability: 0.15999916961602528
Text: 4882, Probability: 0.819195568561554
