Text: 54*Y8, Probability: 0.23830126688326728
Text: 8280, Probability: 0.3622771203517914
