Text: 62 V1, Probability: 0.4432118363927609
Text: 6h16, Probability: 0.11358567327260971
