Text: 65 02, Probability: 0.20514702103474414
Text: 1319, Probability: 0.995416522026062
