Text: 608, Probability: 0.19186725574899785
Text: 0965, Probability: 0.9802641272544861
