Text: 29, Probability: 0.8752890699768785
Text: 15179,, Probability: 0.6418190736294032
