Text: 514;, Probability: 0.07218882441520691
Text: 09244, Probability: 0.33237101338530517
