Text: 59 V2, Probability: 0.38885605583315763
Text: 04815, Probability: 0.8093181883870951
