Text: 54.89, Probability: 0.2190590598817641
Text: 1094, Probability: 0.18945230543613434
