Text: 59 B1, Probability: 0.3236263019245724
Text: 722119, Probability: 0.44621700782256163
