Text: 83;H9, Probability: 0.3379024629402345
Text: 2735, Probability: 0.7890350818634033
