Text: 96H, Probability: 0.19491759705839054
Text: 1031, Probability: 0.31030595302581787
