Text: 54PI, Probability: 0.1849476397037506
Text: 1202, Probability: 0.624641478061676
