Text: 17, Probability: 0.09030014472069992
Text: 0762, Probability: 0.3322865068912506
