Text: 59K2, Probability: 0.3513515293598175
Text: 97772, Probability: 0.32903546156652685
