Text: 54 [, Probability: 0.49378472566604614
Text: 2443, Probability: 0.8174138069152832
