Text: 5 P7, Probability: 0.32318124175071716
Text: 1782, Probability: 0.6626506447792053
