Text: 81, Probability: 0.715933239080618
Text: 6F598, Probability: 0.654314257325451
