Text: 54 P1, Probability: 0.342352639250723
Text: 1782, Probability: 0.5584760308265686
