Text: 09, Probability: 0.4851829934516303
Text: 6IF.3561, Probability: 0.35804671968343854
