Text: 5M, Probability: 0.14439466253489996
Text: 51002, Probability: 0.42090846061218756
