Text: 71+83, Probability: 0.18088790776539737
Text: 9276, Probability: 0.9044110774993896
