Text: 50 D4, Probability: 0.12431059646939813
Text: 3070, Probability: 0.819153904914856
