Text: 616, Probability: 0.2776480397535846
Text: 316911, Probability: 0.29766645637017003
