Text: 95S7, Probability: 0.05131271854043007
Text: 0269,, Probability: 0.8274844394125687
