Text: 50 VA, Probability: 0.2456033821852163
Text: 100b43, Probability: 0.4573038697122268
