Text: 0291:, Probability: 0.10586765907407517
Text: 229501, Probability: 0.48895033819162187
