Text: 59 81, Probability: 0.23733532905161836
Text: 251,57, Probability: 0.6089631224223252
