Text: 67*81, Probability: 0.5044191866204267
Text: 60b.33 , Probability: 0.10745111434944833
