Text: 6u Bj, Probability: 0.2427964951219519
Text: 06J91, Probability: 0.1963546174499737
