Text: 9 M, Probability: 0.1317979284159351
Text: 728098, Probability: 0.18620694901977353
