Text: 5403, Probability: 0.05093888193368912
Text: 6961, Probability: 0.333937406539917
