Text: 49 Fh, Probability: 0.19680895905069823
Text: 08g 60, Probability: 0.1984681798980698
