Text: 5, Probability: 0.133073652086396
Text: 6IF.2075, Probability: 0.33187482009567365
