Text: 95 H, Probability: 0.4798495424564255
Text: 12170, Probability: 0.4146377969300385
