Text: 59H, Probability: 0.9767204688315096
Text: 66Z04, Probability: 0.26194244561505114
