Text: 67*V1, Probability: 0.36165011586693535
Text: 5283, Probability: 0.9253960251808167
