Text: 1S2, Probability: 0.21502905180294118
Text: 6l6, Probability: 0.2389757295053374
