Text: 75, Probability: 0.14332178557682357
Text: 00b2, Probability: 0.3349170684814453
