Text: 95 P2, Probability: 0.5328109271617825
Text: 2098, Probability: 0.9997221231460571
