Text: 59 M, Probability: 0.705963671207428
Text: 69324, Probability: 0.4930771683722776
