Text: 54 L3, Probability: 0.40817675268196657
Text: 9902}, Probability: 0.4344342482581699
