Text: 20880, Probability: 0.8918773035170516
Text: 601, Probability: 0.08041939882453236
