Text: 54-S5, Probability: 0.13175032949878243
Text: 5036, Probability: 0.9929181337356567
