Text: 59HM7, Probability: 0.11197450660008568
Text: 07615, Probability: 0.48644194712071515
