Text: 64.HL, Probability: 0.5240149863494739
Text: 4807, Probability: 0.6307017803192139
