Text: 70 L, Probability: 0.9733229875564575
Text: 371096, Probability: 0.5432056115851935
