Text: 5285, Probability: 0.15983502566814423
Text: 0334, Probability: 0.4502697288990021
