Text: 56 PL, Probability: 0.42017220093794816
Text: 6734, Probability: 0.9189386963844299
