Text: 59 T1, Probability: 0.6807006871608813
Text: 655.50 , Probability: 0.45577262288212267
