Text: 77.H6, Probability: 0.2143673667751987
Text: 2229, Probability: 0.5401393175125122
