Text: 79 €H, Probability: 0.5052843211696239
Text: 221771, Probability: 0.5608076990649942
