Text: 59 V2, Probability: 0.2996563201364986
Text: 0b2IZ, Probability: 0.07414745475901317
