Text: 75F1, Probability: 0.7347077131271362
Text: 1290.30, Probability: 0.4838668579680625
