Text: 59+87, Probability: 0.18403340895660225
Text: 251571, Probability: 0.206275926903261
