Text: 94.FI, Probability: 0.4268459574033836
Text: 07.09, Probability: 0.6903889537232525
