Text: 544, Probability: 0.46787538145378854
Text: 8062], Probability: 0.1376054271374716
