Text: 93 C, Probability: 0.46082835376517695
Text: 02079, Probability: 0.9771196842353334
