Text: 59 S1, Probability: 0.26632351868783594
Text: 262.08, Probability: 0.9355937032203118
