Text: 62 M, Probability: 0.2736358344554901
Text: 369.34, Probability: 0.29453186254082536
