Text: 94 E7], Probability: 0.28803032156043096
Text: 193.171, Probability: 0.2517423466692175
