Text: 46, Probability: 0.7886347738627237
Text: [6065, Probability: 0.2777218734399201
