Text: 51 V4, Probability: 0.2923638427884173
Text: 4579, Probability: 0.9926895499229431
