Text: 54 L3, Probability: 0.3712841043180068
Text: 9902, Probability: 0.9953358769416809
