Text: 71b, Probability: 0.46748406627511735
Text: 64570, Probability: 0.3077721290827896
