Text: 957, Probability: 0.42498427629470825
Text: 0269, Probability: 0.9962391745567115
