Text: 95 P2, Probability: 0.5707843613818444
Text: 0790, Probability: 0.9997230768203735
