Text: 59M|, Probability: 0.23881618678569794
Text: 54049, Probability: 0.5208572886485021
