Text: 59 67, Probability: 0.16688766692900311
Text: 56086, Probability: 0.8660138052955093
