Text: 5/6, Probability: 0.4992431250452645
Text: 6011, Probability: 0.9915513396263123
