Text: 78 6, Probability: 0.48130813241004944
Text: 17544, Probability: 0.5159213782334979
