Text: 6RE, Probability: 0.5484709778737622
Text: 563034, Probability: 0.35985006752526744
