Text: 50 C, Probability: 0.14193202555179596
Text: 61IU, Probability: 0.08814819157123566
