Text: 53 85, Probability: 0.26144840505072586
Text: 0201, Probability: 0.9047975540161133
