Text: 60-U1, Probability: 0.9081559990692039
Text: 4632, Probability: 0.5749501585960388
