Text: 59 VA, Probability: 0.44110737016752793
Text: 100843, Probability: 0.42686631726661267
