Text: 53 R5, Probability: 0.10124154975463208
Text: 0201, Probability: 0.9672744274139404
