Text: 59 Fl, Probability: 0.3908722335189032
Text: 03055, Probability: 0.8652739225365211
