Text: 644:, Probability: 0.08437641710042953
Text: 9614, Probability: 0.8965010046958923
