Text: 59*F1, Probability: 0.16221563889651724
Text: 1009.82, Probability: 0.14134497837616522
