Text: 05 FU, Probability: 0.6049700163674129
Text: 00LZ, Probability: 0.08708592504262924
