Text: 169172, Probability: 0.4939794987930843
Text: 4, Probability: 0.32364333200618844
