Text: 55 P5, Probability: 0.4021906919031508
Text: 6876, Probability: 0.5632702708244324
