Text: 65*52, Probability: 0.27588246935793054
Text: 1219, Probability: 0.9366369843482971
