Text: 94 B1, Probability: 0.4766518150053101
Text: 195 8U, Probability: 0.1908018752945411
