Text: 59 V2, Probability: 0.7288103954425672
Text: 035.22, Probability: 0.24657450926035626
