Text: 06 P1, Probability: 0.3602195337977552
Text: 51993, Probability: 0.9878618304862368
