Text: 52,57, Probability: 0.2335866852920562
Text: 7589, Probability: 0.5028597712516785
