Text: 60, Probability: 0.9046626223830301
Text: 610 394, Probability: 0.1177171520747451
