Text: 9m, Probability: 0.6513429619130545
Text: 052 971, Probability: 0.4208645051331767
