Text: 59 F1, Probability: 0.34554955136330257
Text: 29246, Probability: 0.8909159791411566
