Text: 54M, Probability: 0.5579847980181779
Text: 3034, Probability: 0.3189624547958374
