Text: 54,H, Probability: 0.2877464294433594
Text: 4882, Probability: 0.8201320171356201
