Text: 6, Probability: 0.37162866545487816
Text: 69172, Probability: 0.9297460933160222
