Text: 65 F1, Probability: 0.6397508759082906
Text: 01522, Probability: 0.28530039237005916
