Text: 05 S, Probability: 0.6532794237136841
Text: 5378, Probability: 0.5466415286064148
