Text: 555, Probability: 0.2991473413048092
Text: 00bZ, Probability: 0.3563908338546753
