Text: 84, Probability: 0.996503520347123
Text: 61, Probability: 0.06761605490062537
Text: 697 , Probability: 0.33475053310394287
