Text: 5405, Probability: 0.3903519809246063
Text: 00024, Probability: 0.12446895083857891
