Text: 88270, Probability: 0.9588013720754519
Text: 6F E, Probability: 0.16181786358356476
