Text: 5804, Probability: 0.42882680892944336
Text: 79 21, Probability: 0.33039723239543184
