Text: 659 L7, Probability: 0.179260875744031
Text: 68612, Probability: 0.8738032188568742
