Text: 30V:, Probability: 0.25533807277679443
Text: 3993, Probability: 0.9988588094711304
