Text: 97, Probability: 0.9776656143966855
Text: 6, Probability: 0.9999964237245109
Text: XT, Probability: 0.9362902120766
