Text: 00|, Probability: 0.012257920830994263
Text: Ve, Probability: 0.014569361708468979
Text: 4880, Probability: 0.00720173167064786
