Text: 14, Probability: 0.9952461173195658
Text: 1, Probability: 0.9560957768264053
Text: FS, Probability: 0.9983850620863783
