Text: 0, Probability: 0.10541963793735931
Text: 87, Probability: 0.9999871030887143
Text: HC, Probability: 0.1674880781961241
