Text: 6 E, Probability: 0.15904050291137914
Text: 86, Probability: 0.8547211259993731
