Text: 82, Probability: 0.9999898847713415
Text: 2, Probability: 0.9999979734431044
Text: GX, Probability: 0.8758775224362503
