Text: 6, Probability: 0.4210541563240078
Text: 066 6 N, Probability: 0.7833015463372257
