Text: 0, Probability: 0.9999290717304667
Text: W, Probability: 0.7024398117227157
Text: 0052, Probability: 0.8938535451889038
