Text: 6, Probability: 0.908118020777934
Text: 401, Probability: 0.49116946748715784
Text: DW, Probability: 0.9801046347062243
