Text: 81, Probability: 0.7958416619472293
Text: 89, Probability: 0.9999981417113152
Text: KM, Probability: 0.7110870020643392
