Text: 6, Probability: 0.541427381545251
Text: 398, Probability: 0.9971200227737427
Text: FB, Probability: 0.9991624762941721
