Text: (018, Probability: 0.19375169277191162
Text: 4, Probability: 0.3230567709490515
