Text: 1, Probability: 0.029515635088106507
Text: 58, Probability: 0.8605530419667698
Text: Th, Probability: 0.27187345389640466
