Text: 781, Probability: 0.5309056246953019
Text: 9 ODL, Probability: 0.46728666548432407
