Text: 77, Probability: 0.9078184366226196
Text: 0, Probability: 0.9989413442173465
Text: Cn, Probability: 0.5363639487587307
