Text: 932, Probability: 0.41167553282949937
Text: 9, Probability: 0.9997534903828296
Text: DS, Probability: 0.9965910128207267
