Text: 545, Probability: 0.999984789576592
Text: 6, Probability: 0.9981529904522723
Text: T, Probability: 0.9916792871942484
