Text: 2, Probability: 0.9999992847443906
Text: HV, Probability: 0.9963019341264856
Text: 101, Probability: 0.9988035643474765
