Text: 2, Probability: 0.9725356983924321
Text: 32, Probability: 0.9999984827137908
Text: ZM, Probability: 0.8274355530738831
