Text: 1, Probability: 0.9938643209568774
Text: 6, Probability: 0.2345278305384335
Text: JDV, Probability: 0.33770252391398997
Text: 551, Probability: 0.38578093148382714
