Text: 6, Probability: 0.13651305814363823
Text: 5, Probability: 0.9999983310706426
Text: CB, Probability: 0.9991944159157052
Text: 99, Probability: 0.9999978083645809
