Text: 172, Probability: 0.9987035087686177
Text: 7, Probability: 0.9996025957190255
