Text: 70, Probability: 0.9996539919091627
Text: 8, Probability: 0.9942026958078856
Text: Rc, Probability: 0.445082688304674
