Text: DLB, Probability: 0.41423388052060744
Text: 9, Probability: 0.9999921322023653
Text: 15, Probability: 0.9999957853177504
